# Created by Octave 4.0.0, Tue Jul 25 22:31:44 2017 CET <mohamedjedidi@mohamedjedidi-X550JX>
# name: all_theta
# type: matrix
# rows: 10
# columns: 401
 -3.154367175782923 0 0 7.806949205825718e-05 -0.0007212861412722856 -0.0007863319393851174 0.001232516779023294 -0.01551071748003469 -0.0005670691025829288 0.0004831618777979291 0.0004654710508598152 7.374075877430574e-05 0.0003405189803785093 0.001508258161228599 0.00135655762204786 0.003904303214754773 0.005127895378943191 0.000432721263120565 -7.304831437163572e-05 -9.675200040525148e-08 0 -1.751040014566251e-08 8.827598917046208e-06 -0.0009939792791540706 0.008194296887724457 0.009417073271711259 0.001819555980665653 -0.02085212142200773 0.0001069322121465513 -5.895697396018606e-05 -0.009082910958801137 -0.001185058347636097 -0.003726562360500322 -0.01638601109779857 -0.009875135058578297 -0.03529774507112071 -0.04820579909923745 0.005254664578084296 0.008455881276940667 0.0003107492964662283 0.000160574970383895 1.416648820013069e-07 -0.0002500105621486392 0.0002932598868945116 0.02335540790651179 0.05670603396067826 0.08353291085113312 0.08243354649111891 -0.05389502148403933 -0.08103216077002169 -0.0228564657706929 -0.03517088050579687 -0.004848703881333301 -0.0510148964341813 -0.1518758510810302 -0.2523448530119655 -0.1984732331566023 -0.04386493268080945 0.04481507821040056 0.0005842226256836044 -0.0004059892524511973 7.137478862192606e-07 0.001143683331899497 0.004512463836187015 -0.1449739763674443 -0.5314369470722646 -0.8456012396389079 -1.15360826186538 -0.68041927391429 -0.7397772401816752 -0.06546637674623741 0.2998830870692896 -0.1007792652209542 -0.01093323373433739 -0.4909572660635265 -0.6489208365449507 -0.9639597398211047 -1.278305843266692 -1.227020029086738 -0.03142524890663752 -0.0161445253081589 1.577881691036171e-06 0.005905499626223844 -0.04630420050637853 -0.1250049800423705 -0.3648739915502699 -2.667440156920635 -2.08111108271826 0.004237483115398784 1.253510974200803 1.863775941117521 0.02394974668137201 -0.4523976562486201 0.03447294233565873 -1.013807982887762 -0.9988240267275496 1.663907824125036 0.2116794675666459 -1.133670824557491 -0.2218291882806496 -0.03685439048609 -1.831739800026863e-05 -0.01417144602621619 -0.1104154635447295 1.413213461573438 0.1250270597047044 -0.7528459708239257 -1.367695870055098 -0.7245545640078581 2.106487299955607 1.385985890794151 -1.809915037595998 -1.135047270386148 -0.1867721158841978 -1.537285038431158 -1.50673717455363 3.520171034916577 0.8833768306554265 -2.910467815918171 -0.6387441691864265 -0.04200243753503782 -0.000143525604780172 0.01254276844085282 -0.7158501212322032 -0.316157853016677 -0.5213002518499101 -1.349133350346124 -0.6371254825107401 -0.9306906233033592 -0.5321695615545796 -1.076400702138328 -0.9184889039655288 -0.633822172642948 -0.2291337623247313 -0.877927547326984 -1.709078149101496 -1.723010055189868 -0.05677458008162158 -1.664987225963354 -1.043094420674461 -0.02716356512179428 -0.0007382714294870399 0.04376626128181657 -1.432694204414439 -2.471562262896926 -0.8504392961131833 -1.03725108886299 0.04652328274200132 -0.7199406116573663 0.6540834490623211 -2.151170149255292 -2.164284736732702 -1.137987130490894 -2.119945165176163 1.257095791088107 2.05990631201196 -0.7921953896626053 -0.1185583582762943 -0.03713072411531201 -2.295611386262061 -0.003332820976729704 0.01788462793485823 -0.2191941218354774 -1.104259787940477 -0.5571329621152926 -1.734565246059586 -1.269944428382483 0.2179865034339861 0.1453664581845761 -0.3913470932687071 -2.090815319543745 -0.513738308624676 0.5207238284687449 -0.8385619557381103 -1.768323954016805 0.4905265814132103 -0.1711947996076965 -0.9539343014364779 -1.475472342316823 -2.709447099166983 -0.4069184150808047 0.0368659060962486 -0.4189746266872912 -0.2010874931773347 -0.6531877411829894 -0.8492235419693002 -0.4182932603907899 -0.2577017839464623 0.1620732473178398 0.4417526255018504 0.5143221343506434 1.082921243155077 0.6694781635792342 0.8695868387629189 0.6374229969076156 0.1231090359022814 -1.400547199590224 -0.2394575093247911 -0.2907923030423045 -1.97826284628499 -0.1173530545602273 0.02402306518976406 -0.2294440098994409 0.6519875543862887 -1.298819592266773 -2.195401313849315 0.2787060721800461 -0.3789190500100212 0.5731321857435113 2.848766842152229 2.852608962749655 1.94630329880936 2.200663817538638 0.008674227606879222 1.213846442409498 -0.00613179151119018 0.09102630569279971 -0.2582662535359609 -1.506930819307356 -1.525917939674825 0.03897589054241581 0.007155909894027283 -0.1463517838543338 0.4640584159094998 1.969749856822141 0.5432061703306916 -0.5582230353184479 -0.8843479371283421 1.749099754633333 1.285635811054829 0.4581365687908427 -0.870723924972831 0.1548377516304967 -1.802408033120279 -1.118887925732205 0.5947450269389638 0.8204289537173007 0.7682283522054779 -2.529587970291108 -1.681988693188655 -0.05664225976122406 0.02028562770278119 -0.1753808820914124 -2.111525994850393 -2.517944876977248 -1.367343391139685 -1.942644331677747 -0.4602643342100643 -0.005199879808116075 0.1271814816626599 0.1325472043554853 0.8333836893908312 1.000094277935765 -0.9218179117839846 -0.7519890839259885 -1.07264337164434 -1.068430335028187 2.044547444151645 0.6178999485068607 -0.7994704562996285 -0.1065965189409598 0.01638535708969848 -0.2213993755033552 -0.8595657099861493 1.303453699609675 0.6384418390306223 1.722851106458187 -0.8066290962963297 -1.174412119372969 1.101084869025154 -1.314151521586448 -1.241973866390302 -2.293923019106841 -1.205571225069417 1.185832691199066 1.527334106076582 -0.7547149477371043 1.118154874731935 0.3367496917319457 -0.6617421655705389 -0.03309525775933374 0.002377762873796175 -0.01637896265043043 -0.4959451827066853 -0.5384114800504918 -0.1628965966812333 -0.4779490930720675 -1.023069818517824 -0.749082004954624 -2.167525164128895 -1.949924793448524 -1.034305349094685 -1.783035232205443 -1.238887236207965 1.698478125062235 -0.7864965243961829 -0.2781219139425101 1.936840292520561 -1.040209234443254 -0.5845096105449694 -0.0341594346126552 -0.000142329767060808 0.01477058280005294 -0.1418020476143858 -1.068768157027337 -0.9948423767260759 0.8544012920112244 -0.4058053045696683 -1.373790343787942 -1.131722407786502 -0.8511475162564298 -1.18100642950283 -1.518479046925944 -1.425565214696382 -1.260440368600019 -0.5974265472434137 0.4986757221086869 0.1231376064816689 -1.230869235328214 -0.01419208549047384 -0.007163294325863797 -1.234570366618841e-05 -0.01141233714123304 0.07883917837684812 0.6262685588943278 -0.8630595680958426 -0.9313633835626699 -1.138222112383336 -0.8922743762075046 -0.4291051641640037 -0.3021258444392541 -0.1841749986889951 -0.3162453280316141 -0.824124042172085 0.2197799529550006 0.7081326200736698 0.1970852205433856 -0.4991302158533338 -0.376452284712128 -0.01416957472929018 -0.005475055486202695 1.011449100267781e-05 -0.005516980197888456 0.03782720321592437 0.3324339138821051 -0.86847010742055 -1.261977276527047 -0.6783545650424757 -0.01606799235928153 -0.02513859761238538 -0.2526421571650462 -0.04415430761518657 -0.1152076632777849 -0.3176930222374966 0.4462378328855308 2.170004660821767 2.391691220802371 0.5520718257292608 -0.1941984772926167 -0.01322239976854503 0.0003930123035018283 -3.537807762018471e-07 0.0007362835908388955 0.002323648523796532 -0.09087535618947434 -0.3368602214441617 -0.1383223415039345 -0.1609057892046803 0.5660423756629117 0.4254761353724149 -0.1187414344778834 0.2280319135855581 0.02710723068703543 -0.1013554943453265 -0.005333960377892579 0.4659102415598723 1.508628697401364 0.3937787728371833 -0.04021976685397752 0.0007734134478402058 6.124731786540539e-05 0 -4.298767782194995e-05 0.001059038606469268 -0.00557894916635823 0.006330786253946795 -0.006093135481351102 0.005405935771825775 -0.05456548304313965 -0.04829937458481996 0.003638013504861262 0.0404801954193941 0.00173196828413531 0.05340373564307146 0.2876835140998937 -0.01337365427029622 -0.1374408282151075 